0 0.07818181818181819 0.6402439024390244 0.12363636363636364 0.6890243902439025
0 0.17909090909090908 0.600609756097561 0.10727272727272727 0.7317073170731707
0 0.2718181818181818 0.6021341463414634 0.1 0.7164634146341463
0 0.35363636363636364 0.6112804878048781 0.1618181818181818 0.7103658536585367
0 0.43272727272727274 0.5945121951219512 0.08727272727272728 0.6951219512195123
0 0.5209090909090909 0.6067073170731707 0.11090909090909092 0.6585365853658537
0 0.6027272727272728 0.6082317073170732 0.08181818181818182 0.6859756097560976
0 0.6863636363636364 0.614329268292683 0.10727272727272727 0.6676829268292683
0 0.8018181818181818 0.6112804878048781 0.14181818181818182 0.6859756097560976
0 0.9009090909090909 0.6021341463414634 0.15454545454545454 0.7103658536585367
