4 0.5412037037037037 0.6565074135090609 0.48240740740740745 0.542009884678748
0 0.034722222222222224 0.2685337726523888 0.06574074074074074 0.22075782537067545
0 0.05601851851851852 0.5337726523887973 0.10648148148148148 0.3756177924217463
0 0.17453703703703705 0.5840197693574959 0.12314814814814816 0.2751235584843493
0 0.19861111111111113 0.32537067545304776 0.08055555555555556 0.19934102141680396
0 0.28240740740740744 0.3088962108731466 0.06296296296296297 0.1598023064250412
0 0.2833333333333333 0.5848434925864909 0.07592592592592592 0.3031301482701812
0 0.3560185185185185 0.5922570016474464 0.08425925925925926 0.33772652388797364
0 0.10648148148148148 0.3418451400329489 0.09074074074074075 0.1828665568369028
0 0.3611111111111111 0.2907742998352554 0.07777777777777778 0.13344316309719934
0 0.4314814814814815 0.28912685337726524 0.06296296296296297 0.16309719934102143
0 0.48842592592592593 0.28665568369028005 0.05648148148148149 0.18780889621087316
0 0.9398148148148149 0.5823723228995058 0.11296296296296297 0.4266886326194399
0 0.8486111111111111 0.5881383855024712 0.1527777777777778 0.41515650741350907
0 0.7097222222222223 0.5626029654036244 0.13055555555555556 0.42998352553542013
0 0.6194444444444445 0.42504118616144976 0.08888888888888889 0.21746293245469522
0 0.7898148148148149 0.27759472817133446 0.09074074074074075 0.1927512355848435
0 0.8768518518518519 0.28912685337726524 0.0925925925925926 0.18616144975288304
0 0.9537037037037037 0.28500823723228996 0.0925925925925926 0.15485996705107083
0 0.44027777777777777 0.5947281713344317 0.0787037037037037 0.3031301482701812
0 0.6675925925925926 0.28500823723228996 0.06481481481481481 0.17462932454695224
0 0.7226851851851852 0.2841845140032949 0.075 0.18616144975288304
